-1.188300625705409758e-01
-1.805750400540759582e-01
8.293321600103831237e-02
2.335667315592334603e+01
3.137723411926977013e-01
1.862337212810213360e-01
1.334390974446869826e+00
2.244522494348212827e-01
2.160772146197707244e-01
6.961568118689115403e-02
4.967354088651399803e-03
-1.345946307004534381e-01
-1.017241941205612558e-02
-1.288707272548249468e-02
4.168897636545488838e-01
7.964262405033145642e-01
5.414486780394929255e-01
8.345829826553555209e-02
1.703995428822160374e-01
6.658755569450460765e-01
2.206341448925577264e-01
4.929321222441522821e-01
2.679534210180448017e+00
2.611078712394917511e-01
-2.094004819019822605e+00
-3.810400503476630285e-01
-9.575183577777632848e-01
2.837755814863620607e-01
-2.602449230488491638e-01
-1.198447032546410551e-01
-3.636610997515937749e-02
-2.038401825280991286e-01
-3.111503699383331156e-01
3.243806663754319475e-01
-3.039357755397562588e-01
3.061703137908882155e-01
4.650505426777484796e-02
-1.310409579100565436e-01
-2.739870148099035063e-01
-2.529658857592780308e-01
-2.759688652862465896e-01
-8.839602651715872117e-01
-1.165635946470300194e-01
-5.889632299246331248e-01
-6.472408371361701995e-01
-8.587258236573654946e-01
-1.570089438840771290e-01
-4.230000181390444203e-01
-4.321377447283755724e-01
-2.680861751407754845e-01
-1.954578526308113073e-01
3.787685585336795779e-01
1.605802300534414195e+00
1.050240549996538597e+00
-5.998450923460246775e-01
2.358100436944480904e+00
1.882194575207439269e-01
